16x16
4x4
5  7  2  8  9  1  6  3  4  16 10 11 12 13 14 15
8  9  1  6  3  4  5  7  2  15 16 10 11 12 13 14
3  4  6  2  7  5  1  9  8  13 14 15 16 10 11 12
7  5  4  1  6  3  2  8  9  14 13 16 15 11 12 10
2  6  8  9  4  7  3  1  5  12 11 13 14 15 16 10
9  1  7  3  8  2  4  5  6  11 12 14 13 16 10 15
4  3  5  7  2  8  9  6  1  10 16 12 15 14 11 13
6  8  9  5  1  11 13 14 10 2  3  4  7  16 15 12
10 11 12 13 14 15 16 2  3  4  5  6  8  9  7  1
16 14 15 10 13 9  8  11 12 1  2  3  5  6  4  7
13 12 11 16 15 6  10 4  7  8  9  1  2  3  5  14
15 13 14 11 10 12 7  16 2  6  4  8  1  5  9  3
12 10 16 14 11 13 15 4  7  3  1  2  6  8  13 5
14 15 13 12 2  16 11 10 4  5  6  7  9  1  8  3
11 16 10 15 12 14 6  13 15 9  8  5  3  2  1  4
1  2  3  4  5  6  7  8  9  10 11 12 13 14 15 16