16x16
4x4
6 12 11 13 8 10 7 3 5 2 14 15 4 1 9 16
1 7 14 5 4 2 16 9 11 13 3 6 12 10 8 15
2 8 4 9 15 6 13 12 7 1 16 10 5 11 14 3
16 10 15 3 11 5 1 14 4 8 9 12 13 2 7 6
15 16 3 1 7 14 9 11 12 6 8 4 2 13 5 10
12 14 5 7 3 1 4 13 16 10 2 11 15 8 6 9
10 13 8 4 16 15 6 2 9 5 7 1 14 12 3 11
11 2 9 6 5 12 10 8 3 15 13 14 16 4 1 7
4 5 7 2 1 9 14 10 15 3 11 13 8 6 16 12
13 6 10 11 12 8 5 16 1 7 4 9 3 15 2 14
8 3 12 16 13 11 15 4 2 14 6 5 9 7 10 1
9 15 1 14 2 7 3 6 8 12 10 16 11 5 13 4
7 11 2 15 14 16 8 5 10 4 1 3 6 9 12 13
3 1 13 8 6 4 12 7 14 9 15 2 10 16 11 5
14 9 16 12 10 13 2 15 6 11 5 7 1 3 4 8
5 4 6 10 9 3 11 1 13 16 12 8 7 14 15 2